每幅图像的标定误差：
第1幅图像的平均误差：0.0292225像素
第2幅图像的平均误差：0.0368869像素
总体平均误差：0.0330547像素

相机内参数矩阵：
[395.4709440548904, 0, 299.5747107706508;
 0, 394.4187625171727, 218.3186416367493;
 0, 0, 1]

畸变系数：
[-0.4481494102901924, 0.2815487653879852, -0.004011807739968795, 0.003072356745585284, -0.05523162057124079]


第1幅图像的旋转向量：
[0.7471203480609433;
 2.589053671764466;
 -1.000880792620213]
第1幅图像的旋转矩阵：
[-0.8318514870805434, 0.5517597091199538, 0.05986924781348626;
 0.3680148968057744, 0.6291222268125648, -0.6846679921388426;
 -0.4154372866882845, -0.5475093123612265, -0.7263920523428192]
第1幅图像的平移向量：
[-402.5019411094154;
 -961.2276216892554;
 2846.139824413694]

第2幅图像的旋转向量：
[-1.259213560805024;
 -2.180339108693007;
 0.3986709622108762]
第2幅图像的旋转矩阵：
[-0.3831841351018436, 0.6856683158759355, -0.6188932696435716;
 0.8603079767069125, 0.5088268222534893, 0.03107169402968862;
 0.3362143718235593, -0.5205326364016714, -0.7848602873250849]
第2幅图像的平移向量：
[-706.8979004155491;
 -1059.676201693982;
 3030.428410595434]


